1
1S
2
3
3A
3B
4
5
6
6A
6B
6C
7
7A
8
8A
8B
8C
9
9A
9B
9C
9D
9E
9F
10
11
12
13
14
15
16
17
18
19
20
21
22
23
24
25
26
27
28
29
30
31
32
33
34
35
36
37
38
39
40
41
42
43
44
45
46
47
48
49
50
51
52
52A
53
54
55
55A
56
57
58
59
60
61
62
63
64
65
65A
65B
66
67
68
69
70
71
71A
71B
71C
71D
71E
71F
71G
71H
71I
71J
72
73
74
75
76
76A
77
77A
77B
78
79
80
81
81A
82
83
84
85
86
87
88
89
90
91
92
92A
92B
92C
93
94
94A
95
95A
95B
95C
96
97
98
99
100
101
102
103
104
105
106
107
108
109
110
111
112
113
114
115
116
117
118
119
120
120A
120B
121
121A
122
123
123A
123B
124
124A
125
126
127
128
129
130
131
132
133
134
135
136
137
138
138A
139
140
141
142
143
144
145
146
147
148
149
150
151
152
153
153A
200
201
202
203
204
205
206
207
208
209
210
211
212
213
214
215
216
216A
216B
217
218
219
220
221
222
223
224
225
225A
225B
226
227
228
229
230
231
232
233
234
235
236
237
238
239
240
241
242
243
244
245
246
247
248
249
250
251
252
253
254
255
256
257
258
259
260
261
262
263
263A
300
301
302
303
304
305
306
307
308
309
310
310A
312
313
314
315
316
317
318
319
320
321
322
323
324
325
326
327
328
328A
329
330
331
332
333
334
335
336
336A
336B
337
337A
337B
337C
337D
337E
337F
337G
337H
337I
337J
337K
337L
337M
337N
337O
337P
337Q
337R
337S
337T
337U
337V
337W
337X
337Y
337Z
338
338A
338B
338C
338D
338E
338F
338G
338H
339
340
341
342
343
344
345
346
347
348
349
350
351
352
353
354
354A
355
356
357
358
359
360
361
362
363
364
364A
365
365A
366
366A
400
401
402
402A
402B
402C
402D
403
404
405
406
407
408
409
410
411
412
413
414
415
416
417
418
419
420
421
422
423
424
425
426
427
428
429
430
431
432
433
434
435
436
437
438
439
440
441
442
443
444
445
446
447
448
449
450
451
452
453
454
455
456
457
458
459
460
461
462
462A
462B
462C
462D
462E
462F
462G
462H
462I
462J
462K
462L
462M
462N
462O
462P
463
464
465
466
467
468
469
470
471
472
473
474
475
476
477
477A
479
480
481
482
483
500
501
502
502A
503
504
505
506
507
508
509
510
511
